1 2 266 1310.43 301.96 60.87 56.09 -1 -1 2
1 2 267 1308.00 302.13 62.96 59.57 -1 -1 2
1 2 268 1306.54 303.89 62.69 60.39 -1 -1 2
1 2 269 1299.29 306.42 66.65 64.50 -1 -1 2
1 2 271 1291.05 311.74 71.05 66.14 -1 -1 2
1 2 272 1284.98 314.17 74.34 69.67 -1 -1 2
1 2 273 1281.76 315.69 75.46 73.23 -1 -1 2
1 2 275 1269.70 323.93 80.92 75.99 -1 -1 2
1 2 276 1265.95 328.99 81.61 75.18 -1 -1 2
1 2 277 1258.93 332.88 85.31 76.93 -1 -1 2
1 2 278 1254.99 334.84 87.24 80.87 -1 -1 2
1 2 279 1249.11 337.32 90.22 84.88 -1 -1 2
1 2 281 1243.32 338.86 93.02 88.38 -1 -1 2
1 2 282 1235.90 342.20 96.87 93.49 -1 -1 2
1 2 283 1230.09 345.91 100.00 96.83 -1 -1 2
1 2 284 1221.28 352.60 104.52 98.24 -1 -1 2
1 2 285 1215.21 355.40 107.35 102.08 -1 -1 2
1 2 286 1203.81 361.94 114.52 110.74 -1 -1 2
1 2 287 1189.89 367.63 122.20 119.12 -1 -1 2
1 2 289 1171.39 378.23 131.74 128.40 -1 -1 2
1 2 290 1154.39 386.33 139.83 138.83 -1 -1 2
1 2 291 1142.01 391.17 146.81 146.60 -1 -1 2
1 2 292 1125.00 400.93 156.60 155.48 -1 -1 2
1 2 293 1111.63 409.21 163.12 161.38 -1 -1 2
1 2 294 1093.69 419.62 172.72 172.08 -1 -1 2
1 2 295 1078.34 429.07 181.32 177.32 -1 -1 2
1 2 296 1055.83 439.68 194.99 192.68 -1 -1 2
1 2 298 1038.43 447.82 204.66 204.57 -1 -1 2
1 2 299 1011.86 461.36 218.74 222.51 -1 -1 2
1 2 300 989.60 473.66 232.89 234.96 -1 -1 2
1 2 301 956.05 490.79 253.58 257.96 -1 -1 2
1 2 302 913.86 511.69 278.92 287.89 -1 -1 2
1 2 303 880.06 528.56 299.47 310.55 -1 -1 2
1 2 304 806.96 564.27 345.47 363.19 -1 -1 2
1 2 306 701.20 616.05 413.32 447.75 -1 -1 2
1 2 307 594.59 668.46 482.79 531.97 -1 -1 2
1 2 308 515.85 707.74 532.92 602.27 -1 -1 2
1 2 309 403.84 766.03 603.14 636.93 -1 -1 2
1 2 310 314.58 814.61 657.54 625.02 -1 -1 2
1 2 311 252.52 894.55 664.70 557.14 -1 -1 2
1 2 312 183.10 963.65 687.20 493.70 -1 -1 2
1 2 313 125.67 1078.66 670.76 377.78 -1 -1 2
1 3 625 1335.65 1243.04 480.00 196.96 -1 -1 3
1 3 626 1326.96 1173.13 494.61 264.78 -1 -1 3
1 3 627 1323.31 1133.64 488.10 302.09 -1 -1 3
1 3 628 1321.72 1069.82 481.13 368.01 -1 -1 3
1 3 629 1319.69 1023.66 474.57 415.56 -1 -1 3
1 3 630 1321.35 969.40 436.46 470.42 -1 -1 3
1 3 631 1322.05 931.24 411.16 508.82 -1 -1 3
1 3 632 1327.38 885.10 377.12 508.55 -1 -1 3
1 3 633 1327.57 853.11 357.36 492.20 -1 -1 3
1 3 634 1327.60 813.81 334.28 449.34 -1 -1 3
1 3 635 1329.47 788.34 318.93 416.55 -1 -1 3
1 3 636 1332.87 757.70 296.72 374.05 -1 -1 3
1 3 637 1333.65 738.32 283.49 345.21 -1 -1 3
1 3 638 1334.79 712.00 268.18 311.07 -1 -1 3
1 3 639 1335.11 686.26 252.81 279.01 -1 -1 3
1 3 640 1334.53 666.89 244.85 263.22 -1 -1 3
1 3 641 1333.08 650.32 234.27 237.90 -1 -1 3
1 3 643 1331.62 637.46 228.37 226.07 -1 -1 3
1 3 644 1328.98 619.23 219.03 210.56 -1 -1 3
1 3 645 1326.84 607.11 215.25 202.59 -1 -1 3
1 3 647 1305.91 563.44 207.73 180.49 -1 -1 3
1 3 648 1295.66 551.04 209.76 178.42 -1 -1 3
1 3 649 1283.80 537.79 208.72 170.58 -1 -1 3
1 3 650 1274.49 528.75 209.46 165.13 -1 -1 3
1 3 651 1260.37 517.83 210.87 156.71 -1 -1 3
1 3 652 1243.61 507.44 211.96 148.42 -1 -1 3
1 3 653 1231.05 500.63 214.07 144.80 -1 -1 3
1 3 654 1212.94 491.71 217.13 137.10 -1 -1 3
1 3 655 1200.46 485.91 216.54 134.30 -1 -1 3
1 3 656 1183.27 476.33 216.85 131.71 -1 -1 3
1 3 657 1170.05 471.26 218.65 130.68 -1 -1 3
1 3 658 1152.05 462.82 219.87 129.30 -1 -1 3
1 3 659 1137.96 460.11 220.87 125.70 -1 -1 3
1 3 660 1117.94 457.28 222.92 119.80 -1 -1 3
1 3 661 1102.83 455.28 225.95 117.25 -1 -1 3
1 3 662 1081.06 450.72 228.20 115.30 -1 -1 3
1 3 663 1065.57 448.39 229.58 113.86 -1 -1 3
1 3 664 1042.26 444.89 232.91 110.52 -1 -1 3
1 3 666 1017.43 442.76 235.26 107.08 -1 -1 3
1 3 667 1000.25 440.34 236.67 105.09 -1 -1 3
1 3 668 977.51 439.11 238.85 103.32 -1 -1 3
1 3 669 941.00 439.11 241.90 98.21 -1 -1 3
1 3 670 914.90 439.53 248.11 95.01 -1 -1 3
1 3 671 902.43 440.22 236.31 90.27 -1 -1 3
1 3 672 896.42 441.40 224.56 88.44 -1 -1 3
1 3 674 853.74 443.26 235.99 81.64 -1 -1 3
1 3 677 869.46 446.38 167.20 73.58 -1 -1 3
1 5 666 1219.13 1200.87 506.09 239.13 -1 -1 5
1 5 667 1221.91 1157.04 489.39 281.57 -1 -1 5
1 5 668 1233.29 1072.87 454.98 364.22 -1 -1 5
1 5 669 1252.45 959.74 408.71 476.47 -1 -1 5
1 5 670 1261.05 888.13 379.98 513.66 -1 -1 5
1 5 671 1268.94 821.86 345.21 479.65 -1 -1 5
1 5 672 1273.62 781.12 322.79 436.16 -1 -1 5
1 5 674 1285.38 718.53 282.90 366.14 -1 -1 5
1 5 677 1305.07 635.04 228.68 279.25 -1 -1 5
1 5 678 1315.50 588.37 201.93 229.02 -1 -1 5
1 5 679 1318.70 564.19 191.79 213.15 -1 -1 5
1 5 680 1325.21 541.69 178.09 192.41 -1 -1 5
1 5 681 1328.95 528.46 170.92 181.71 -1 -1 5
1 5 683 1335.22 503.03 157.45 162.01 -1 -1 5
1 5 688 1354.44 441.36 123.59 121.19 -1 -1 5
1 5 689 1358.61 429.52 119.32 116.58 -1 -1 5
1 5 690 1362.26 418.27 115.70 109.09 -1 -1 5
1 5 691 1368.48 408.86 109.44 103.46 -1 -1 5
1 5 692 1369.85 405.00 107.45 99.24 -1 -1 5
1 5 694 1375.66 393.80 100.98 93.65 -1 -1 5
1 5 697 1385.42 373.98 88.13 85.57 -1 -1 5
1 5 700 1391.45 361.87 82.03 78.39 -1 -1 5
1 5 701 1393.98 354.25 78.64 74.53 -1 -1 5
1 5 704 1398.02 344.67 73.51 66.85 -1 -1 5
1 5 705 1400.61 340.66 71.67 64.26 -1 -1 5
1 5 706 1401.88 336.20 70.08 62.12 -1 -1 5
1 5 707 1402.11 333.07 69.83 61.71 -1 -1 5
1 5 708 1404.17 331.32 65.69 58.70 -1 -1 5
1 5 709 1404.98 329.85 63.93 57.94 -1 -1 5
1 5 710 1404.83 326.96 62.89 56.17 -1 -1 5
1 5 712 1406.78 322.25 59.68 53.76 -1 -1 5
1 5 713 1407.94 318.04 57.54 50.67 -1 -1 5
1 5 715 1408.54 312.68 55.14 49.02 -1 -1 5
1 5 719 1408.95 307.74 52.65 44.93 -1 -1 5
1 5 720 1409.61 305.01 50.73 44.03 -1 -1 5
1 5 725 1410.95 298.34 46.45 38.22 -1 -1 5
1 5 730 1409.70 289.43 47.06 37.38 -1 -1 5
1 5 732 1410.34 286.24 45.40 36.16 -1 -1 5
1 6 705 1162.17 1212.17 506.96 227.83 -1 -1 6
1 6 706 1182.70 1109.91 460.35 328.00 -1 -1 6
1 6 707 1189.53 1053.67 451.09 382.40 -1 -1 6
1 6 708 1200.64 963.20 424.68 475.32 -1 -1 6
1 6 709 1212.14 901.02 397.58 538.49 -1 -1 6
1 6 710 1233.07 831.02 354.56 505.61 -1 -1 6
1 6 712 1259.52 747.53 298.75 410.61 -1 -1 6
1 6 713 1283.08 669.94 252.29 313.46 -1 -1 6
1 6 715 1303.61 607.96 214.28 239.82 -1 -1 6
1 6 719 1327.72 534.46 173.89 176.60 -1 -1 6
1 6 720 1338.12 511.22 160.80 155.73 -1 -1 6
1 6 725 1364.64 443.07 125.43 108.27 -1 -1 6
1 6 729 1378.59 406.83 105.09 90.35 -1 -1 6
1 6 730 1384.41 391.49 97.84 84.91 -1 -1 6
1 6 732 1388.94 379.47 89.74 76.24 -1 -1 6
1 6 736 1393.94 360.28 81.05 66.54 -1 -1 6
1 6 737 1397.12 354.66 76.13 62.98 -1 -1 6
1 6 738 1398.34 348.77 73.96 60.36 -1 -1 6
1 6 739 1398.46 345.62 73.70 59.86 -1 -1 6
1 6 742 1403.93 333.53 65.17 52.86 -1 -1 6
1 6 743 1404.97 329.52 62.38 50.36 -1 -1 6
1 6 744 1405.47 324.00 59.87 48.71 -1 -1 6
1 6 751 1409.48 312.05 52.68 41.06 -1 -1 6
1 6 752 1410.73 310.25 51.44 38.21 -1 -1 6
1 6 753 1409.51 309.53 51.80 35.28 -1 -1 6
1 6 757 1414.25 299.60 45.72 35.24 -1 -1 6
1 6 758 1413.87 296.65 45.90 35.45 -1 -1 6
1 6 759 1415.21 296.56 44.20 32.17 -1 -1 6
1 6 761 1414.20 295.31 45.36 30.24 -1 -1 6
1 10 729 1283.48 736.96 325.22 383.48 -1 -1 10
1 10 730 1288.35 697.65 298.78 339.65 -1 -1 10
1 10 732 1295.85 642.46 265.33 281.46 -1 -1 10
1 10 736 1312.26 545.55 203.76 204.55 -1 -1 10
1 10 737 1317.16 520.57 186.76 186.01 -1 -1 10
1 10 738 1324.76 496.74 171.63 169.24 -1 -1 10
1 10 739 1327.06 485.56 164.97 162.39 -1 -1 10
1 10 742 1339.63 439.19 139.56 131.78 -1 -1 10
1 10 743 1343.60 424.71 130.82 120.67 -1 -1 10
1 10 744 1347.77 412.58 125.02 113.41 -1 -1 10
1 10 751 1362.62 371.41 97.89 88.17 -1 -1 10
1 10 752 1367.50 362.63 91.62 81.53 -1 -1 10
1 10 753 1369.68 357.66 88.19 78.33 -1 -1 10
1 10 754 1372.05 350.11 86.28 79.23 -1 -1 10
1 10 757 1376.36 339.27 81.04 72.89 -1 -1 10
1 10 758 1380.65 337.77 76.04 67.87 -1 -1 10
1 10 759 1384.65 341.59 72.94 57.14 -1 -1 10
1 10 761 1387.93 331.11 69.12 60.22 -1 -1 10
1 10 766 1396.21 317.13 62.13 55.65 -1 -1 10
1 10 767 1399.84 314.75 59.07 52.60 -1 -1 10
1 10 768 1402.10 311.80 55.80 50.41 -1 -1 10
1 10 769 1403.90 311.56 54.93 50.15 -1 -1 10
1 10 773 1407.42 301.20 51.98 39.57 -1 -1 10
1 10 775 1409.84 299.21 48.58 37.90 -1 -1 10
1 10 776 1408.85 298.88 50.96 40.46 -1 -1 10
1 15 821 1202.61 1204.35 535.65 235.65 -1 -1 15
1 15 822 1214.78 1095.48 501.57 344.17 -1 -1 15
1 15 823 1220.94 1037.80 490.07 402.09 -1 -1 15
1 15 824 1232.56 946.46 442.21 493.53 -1 -1 15
1 15 825 1241.21 884.27 403.84 520.22 -1 -1 15
1 15 826 1251.36 813.90 356.65 475.51 -1 -1 15
1 15 827 1257.85 765.67 327.39 427.99 -1 -1 15
1 15 828 1265.62 715.37 293.45 365.05 -1 -1 15
1 15 829 1269.44 682.99 273.44 320.85 -1 -1 15
1 15 830 1276.77 642.46 250.70 278.90 -1 -1 15
1 15 831 1282.22 617.94 233.04 250.98 -1 -1 15
1 15 832 1289.05 583.77 212.83 226.46 -1 -1 15
1 15 833 1296.64 552.09 198.96 205.38 -1 -1 15
1 15 834 1301.54 536.36 187.46 190.07 -1 -1 15
1 15 835 1307.87 513.83 175.96 175.58 -1 -1 15
1 15 836 1311.46 499.83 168.22 166.18 -1 -1 15
1 15 837 1316.75 483.10 160.22 153.14 -1 -1 15
1 15 838 1322.28 471.31 152.74 143.43 -1 -1 15
1 15 839 1330.38 449.97 141.60 132.14 -1 -1 15
1 15 842 1339.37 429.68 131.74 120.33 -1 -1 15
1 15 843 1346.69 414.89 122.27 112.85 -1 -1 15
1 15 844 1351.25 408.46 118.60 108.38 -1 -1 15
1 15 845 1357.45 398.41 110.34 104.28 -1 -1 15
1 15 847 1365.18 384.55 103.62 96.60 -1 -1 15
1 15 848 1368.29 375.77 98.90 93.91 -1 -1 15
1 15 849 1369.64 370.37 96.58 92.36 -1 -1 15
1 15 850 1373.04 364.86 93.38 89.29 -1 -1 15
1 15 851 1375.09 361.20 91.66 86.40 -1 -1 15
1 15 852 1378.43 355.71 88.11 82.41 -1 -1 15
1 15 853 1383.13 348.56 82.09 77.58 -1 -1 15
1 15 857 1389.41 337.67 76.48 70.72 -1 -1 15
1 15 858 1391.25 333.46 72.70 67.70 -1 -1 15
1 15 859 1392.73 329.50 70.84 65.37 -1 -1 15
1 15 860 1395.57 327.44 67.83 64.59 -1 -1 15
1 15 861 1398.00 324.94 65.00 61.68 -1 -1 15
1 15 862 1399.08 323.53 64.66 59.49 -1 -1 15
1 15 863 1398.80 321.30 63.41 55.92 -1 -1 15
1 15 864 1399.81 320.15 63.02 54.58 -1 -1 15
1 15 865 1399.81 316.26 63.52 53.43 -1 -1 15
1 15 866 1402.10 313.36 61.41 53.84 -1 -1 15
1 15 867 1403.78 311.22 58.90 51.54 -1 -1 15
1 15 869 1406.76 309.70 54.65 46.88 -1 -1 15
1 15 870 1407.16 305.94 54.03 48.81 -1 -1 15
1 15 871 1407.87 303.96 52.64 47.40 -1 -1 15
1 15 872 1410.16 301.81 49.20 45.40 -1 -1 15
1 15 875 1410.65 298.38 48.57 43.78 -1 -1 15
1 15 876 1411.39 296.03 47.19 42.48 -1 -1 15
1 15 877 1411.91 295.18 46.14 41.15 -1 -1 15
1 17 1232 1348.26 283.70 47.83 41.30 -1 -1 17
1 17 1233 1346.52 283.78 48.52 42.52 -1 -1 17
1 17 1234 1344.52 285.13 49.32 42.75 -1 -1 17
1 17 1235 1341.50 285.00 51.60 45.02 -1 -1 17
1 17 1236 1340.89 286.12 51.68 45.58 -1 -1 17
1 17 1237 1336.75 285.33 54.75 48.34 -1 -1 17
1 17 1239 1334.76 286.14 55.79 48.55 -1 -1 17
1 17 1240 1333.52 290.49 56.11 46.94 -1 -1 17
1 17 1241 1331.99 291.73 57.34 48.19 -1 -1 17
1 17 1242 1330.05 292.95 57.19 49.06 -1 -1 17
1 17 1243 1327.66 293.80 58.22 49.94 -1 -1 17
1 17 1244 1325.11 296.66 59.73 50.24 -1 -1 17
1 17 1245 1323.63 297.78 59.13 50.76 -1 -1 17
1 17 1246 1321.43 299.16 60.00 51.78 -1 -1 17
1 17 1247 1318.39 300.14 62.57 52.86 -1 -1 17
1 17 1249 1312.23 303.17 66.90 56.36 -1 -1 17
1 17 1250 1307.68 306.51 68.55 59.07 -1 -1 17
1 17 1251 1303.18 307.72 70.27 61.07 -1 -1 17
1 17 1252 1299.55 310.58 71.45 61.97 -1 -1 17
1 17 1253 1297.95 311.09 71.30 64.23 -1 -1 17
1 17 1255 1291.35 314.15 74.94 67.62 -1 -1 17
1 17 1256 1286.79 318.47 77.79 69.25 -1 -1 17
1 17 1257 1282.91 320.79 78.82 69.14 -1 -1 17
1 17 1258 1279.80 322.16 80.33 72.49 -1 -1 17
1 17 1259 1275.88 327.38 79.77 71.51 -1 -1 17
1 17 1260 1270.77 332.68 83.50 71.80 -1 -1 17
1 17 1261 1265.00 335.52 87.13 75.73 -1 -1 17
1 17 1262 1260.89 337.73 90.19 77.90 -1 -1 17
1 17 1266 1242.03 347.03 99.28 87.59 -1 -1 17
1 17 1267 1237.47 350.15 102.26 90.70 -1 -1 17
1 17 1268 1230.79 353.09 106.71 95.47 -1 -1 17
1 17 1269 1224.42 355.94 109.51 98.68 -1 -1 17
1 17 1270 1216.20 360.43 113.36 104.62 -1 -1 17
1 17 1271 1209.50 362.94 117.60 110.20 -1 -1 17
1 17 1272 1200.08 369.33 120.88 113.46 -1 -1 17
1 17 1273 1192.91 374.05 126.00 116.21 -1 -1 17
1 17 1274 1182.78 379.06 131.83 120.69 -1 -1 17
1 17 1275 1170.11 384.73 138.47 130.26 -1 -1 17
1 17 1276 1160.59 388.03 143.78 137.08 -1 -1 17
1 17 1277 1147.35 398.61 150.76 141.24 -1 -1 17
1 17 1278 1136.52 403.55 157.29 146.65 -1 -1 17
1 17 1279 1120.33 413.30 166.38 155.44 -1 -1 17
1 17 1281 1090.37 432.99 182.24 169.03 -1 -1 17
1 17 1282 1076.30 439.72 188.99 177.82 -1 -1 17
1 17 1283 1055.84 449.62 200.96 192.70 -1 -1 17
1 17 1284 1040.12 457.99 209.40 202.26 -1 -1 17
1 17 1285 1004.37 477.15 230.34 224.95 -1 -1 17
1 17 1286 969.50 496.24 252.49 249.63 -1 -1 17
1 17 1287 927.70 517.18 278.56 276.66 -1 -1 17
1 17 1288 897.91 531.82 297.05 298.51 -1 -1 17
1 17 1290 826.82 570.02 339.41 352.02 -1 -1 17
1 17 1291 773.20 597.70 372.56 396.14 -1 -1 17
1 17 1294 622.46 676.33 467.95 523.11 -1 -1 17
1 17 1295 542.63 717.18 519.06 597.74 -1 -1 17
1 17 1296 480.50 750.62 559.24 650.15 -1 -1 17
1 17 1297 387.53 799.36 617.90 638.32 -1 -1 17
1 17 1298 315.95 841.02 661.03 608.92 -1 -1 17
1 17 1299 264.27 906.33 669.30 548.93 -1 -1 17
1 17 1301 178.23 991.98 700.85 462.29 -1 -1 17
1 17 1302 144.23 1055.70 694.67 396.19 -1 -1 17
1 17 1303 121.30 1155.89 653.10 293.00 -1 -1 17
1 17 1304 114.51 1233.17 592.74 213.03 -1 -1 17
1 18 1285 1320.00 299.67 53.91 44.13 -1 -1 18
1 18 1286 1317.57 299.76 54.61 46.39 -1 -1 18
1 18 1287 1315.43 300.44 55.41 48.47 -1 -1 18
1 18 1288 1313.03 301.17 56.35 49.20 -1 -1 18
1 18 1289 1308.46 303.31 59.21 50.65 -1 -1 18
1 18 1290 1305.76 304.55 60.14 52.18 -1 -1 18
1 18 1291 1301.61 306.52 62.21 54.92 -1 -1 18
1 18 1292 1297.85 306.92 64.09 57.05 -1 -1 18
1 18 1293 1294.24 307.95 65.90 60.52 -1 -1 18
1 18 1294 1290.41 310.84 67.11 60.69 -1 -1 18
1 18 1295 1285.35 314.00 69.22 61.08 -1 -1 18
1 18 1296 1282.38 317.09 71.11 61.31 -1 -1 18
1 18 1297 1277.69 319.57 72.35 61.77 -1 -1 18
1 18 1298 1274.02 323.09 73.34 63.17 -1 -1 18
1 18 1299 1269.62 328.75 74.23 63.39 -1 -1 18
1 18 1301 1263.24 331.73 77.35 67.39 -1 -1 18
1 18 1302 1259.49 333.72 79.06 69.86 -1 -1 18
1 18 1303 1252.84 335.53 83.60 74.12 -1 -1 18
1 18 1304 1248.98 337.97 85.87 77.41 -1 -1 18
1 18 1305 1242.31 340.18 88.37 81.83 -1 -1 18
1 18 1306 1237.60 344.48 90.40 83.39 -1 -1 18
1 18 1307 1229.77 349.32 94.48 86.71 -1 -1 18
1 18 1308 1225.72 352.04 96.01 90.57 -1 -1 18
1 18 1309 1218.44 358.89 98.21 91.90 -1 -1 18
1 18 1311 1203.31 368.15 106.72 102.41 -1 -1 18
1 18 1312 1195.94 373.06 110.47 105.17 -1 -1 18
1 18 1313 1185.72 380.20 115.77 108.85 -1 -1 18
1 18 1314 1171.08 388.54 123.90 121.65 -1 -1 18
1 18 1315 1156.15 400.15 132.52 130.71 -1 -1 18
1 18 1318 1132.62 415.38 150.65 143.44 -1 -1 18
1 18 1319 1118.61 425.82 155.63 150.91 -1 -1 18
1 18 1320 1099.45 438.99 165.20 162.28 -1 -1 18
1 18 1321 1083.61 447.35 174.89 171.61 -1 -1 18
1 18 1322 1061.46 459.22 187.90 188.28 -1 -1 18
1 18 1323 1043.62 470.01 198.42 198.61 -1 -1 18
1 18 1324 1016.62 486.78 213.39 215.39 -1 -1 18
1 18 1325 994.44 499.54 227.36 230.07 -1 -1 18
1 18 1326 959.02 520.27 249.61 252.31 -1 -1 18
1 18 1327 914.82 544.49 276.07 283.56 -1 -1 18
1 18 1328 879.63 564.25 297.09 309.90 -1 -1 18
1 18 1329 826.07 593.45 332.03 353.55 -1 -1 18
1 18 1330 782.15 618.34 359.26 385.90 -1 -1 18
1 18 1331 713.28 655.73 402.24 441.51 -1 -1 18
1 18 1332 588.85 722.53 479.64 542.34 -1 -1 18
1 18 1333 505.61 769.67 529.77 612.91 -1 -1 18
1 18 1334 350.00 839.57 637.38 593.54 -1 -1 18
1 18 1335 333.42 900.34 616.91 552.29 -1 -1 18
1 18 1336 258.84 996.01 628.29 462.49 -1 -1 18
1 18 1337 183.17 1075.68 652.49 381.45 -1 -1 18
1 18 1338 165.85 1209.13 571.20 245.75 -1 -1 18
1 19 1307 1357.39 298.48 43.48 30.87 -1 -1 19
1 19 1308 1356.70 297.70 42.09 32.43 -1 -1 19
1 19 1309 1353.51 297.46 45.20 35.53 -1 -1 19
1 19 1310 1352.46 298.10 46.23 36.47 -1 -1 19
1 19 1311 1348.71 298.34 47.11 39.21 -1 -1 19
1 19 1312 1347.49 300.20 48.58 40.12 -1 -1 19
1 19 1313 1342.96 300.83 52.63 41.70 -1 -1 19
1 19 1314 1339.06 302.91 54.08 43.10 -1 -1 19
1 19 1315 1336.79 304.76 56.28 44.86 -1 -1 19
1 19 1318 1331.77 309.82 57.63 44.64 -1 -1 19
1 19 1319 1328.21 311.28 59.21 46.61 -1 -1 19
1 19 1320 1324.68 315.44 60.89 45.93 -1 -1 19
1 19 1321 1322.00 317.10 59.81 45.72 -1 -1 19
1 19 1322 1318.24 319.59 60.43 47.45 -1 -1 19
1 19 1323 1315.49 321.68 61.18 48.50 -1 -1 19
1 19 1324 1311.15 324.40 61.43 48.87 -1 -1 19
1 19 1325 1308.45 325.68 62.61 49.54 -1 -1 19
1 19 1326 1304.13 328.92 64.15 50.89 -1 -1 19
1 19 1327 1299.48 331.66 64.14 53.90 -1 -1 19
1 19 1328 1295.81 332.88 66.92 56.84 -1 -1 19
1 19 1329 1290.58 335.50 70.19 59.35 -1 -1 19
1 19 1330 1287.25 338.07 71.98 60.17 -1 -1 19
1 19 1331 1281.32 340.41 75.43 63.77 -1 -1 19
1 19 1332 1274.13 346.97 78.95 67.75 -1 -1 19
1 19 1333 1269.19 350.96 81.39 70.52 -1 -1 19
1 19 1334 1262.38 356.74 84.51 72.40 -1 -1 19
1 19 1335 1256.50 360.48 87.90 74.47 -1 -1 19
1 19 1336 1248.79 365.67 92.49 78.40 -1 -1 19
1 19 1337 1243.40 369.21 94.79 81.41 -1 -1 19
1 19 1338 1235.33 374.73 98.95 86.81 -1 -1 19
1 19 1339 1224.85 383.37 104.38 90.26 -1 -1 19
1 19 1342 1210.42 396.15 111.94 94.45 -1 -1 19
1 19 1343 1200.47 403.45 117.06 98.51 -1 -1 19
1 19 1344 1187.35 412.95 123.40 104.17 -1 -1 19
1 19 1345 1176.56 421.05 129.67 108.39 -1 -1 19
1 19 1346 1162.61 430.37 136.45 115.06 -1 -1 19
1 19 1347 1138.68 447.08 149.97 128.39 -1 -1 19
1 19 1348 1122.33 459.12 158.49 136.04 -1 -1 19
1 19 1349 1100.47 475.10 169.96 146.37 -1 -1 19
1 19 1350 1083.53 485.97 179.32 155.28 -1 -1 19
1 19 1351 1058.53 502.88 193.81 171.20 -1 -1 19
1 19 1352 1028.29 524.47 210.26 190.30 -1 -1 19
1 19 1353 1004.74 540.98 223.77 204.11 -1 -1 19
1 19 1354 970.69 565.35 243.11 227.04 -1 -1 19
1 19 1355 941.15 584.89 261.48 245.23 -1 -1 19
1 19 1356 896.75 614.82 287.02 276.54 -1 -1 19
1 19 1357 860.24 639.08 309.20 303.61 -1 -1 19
1 19 1358 803.57 673.36 342.41 348.25 -1 -1 19
1 19 1359 756.47 701.48 370.58 384.93 -1 -1 19
1 19 1360 683.57 746.12 415.22 443.21 -1 -1 19
1 19 1361 623.77 781.76 451.41 492.54 -1 -1 19
1 19 1362 532.10 837.84 508.04 550.25 -1 -1 19
1 19 1363 463.09 883.15 547.52 551.75 -1 -1 19
1 19 1364 376.98 956.11 587.74 496.84 -1 -1 19
1 19 1365 313.54 1051.53 591.04 406.17 -1 -1 19
1 19 1367 277.23 1126.12 578.93 330.32 -1 -1 19
1 19 1368 253.35 1241.94 529.38 211.75 -1 -1 19
1 21 1461 1337.39 1249.13 521.74 190.87 -1 -1 21
1 21 1462 1319.30 1138.87 530.09 299.74 -1 -1 21
1 21 1463 1317.17 1082.35 530.35 355.17 -1 -1 21
1 21 1464 1319.15 993.08 485.91 445.95 -1 -1 21
1 21 1465 1322.24 929.06 442.82 510.61 -1 -1 21
1 21 1468 1328.48 835.48 372.43 486.70 -1 -1 21
1 21 1469 1338.48 730.53 296.13 388.45 -1 -1 21
1 21 1470 1344.47 674.33 266.34 333.46 -1 -1 21
1 21 1471 1351.25 632.66 241.28 286.39 -1 -1 21
1 21 1472 1354.19 609.16 228.53 258.62 -1 -1 21
1 21 1474 1358.44 568.38 212.48 246.59 -1 -1 21
1 21 1475 1362.08 556.60 201.49 224.55 -1 -1 21
1 21 1476 1367.49 527.22 185.14 197.24 -1 -1 21
1 21 1477 1373.79 504.70 170.42 176.41 -1 -1 21
1 21 1478 1378.39 492.66 162.52 167.52 -1 -1 21
1 21 1479 1382.79 477.93 155.78 154.84 -1 -1 21
1 21 1480 1383.66 468.02 152.53 150.60 -1 -1 21
1 21 1481 1387.81 454.51 145.22 144.08 -1 -1 21
1 21 1482 1392.41 440.57 137.87 135.63 -1 -1 21
1 21 1483 1394.99 432.52 131.06 130.57 -1 -1 21
1 21 1484 1398.45 422.08 124.99 123.59 -1 -1 21
1 21 1485 1399.42 415.06 122.22 121.26 -1 -1 21
1 21 1486 1402.05 408.02 116.76 113.60 -1 -1 21
1 21 1487 1404.63 402.91 112.88 109.86 -1 -1 21
1 21 1489 1406.90 394.89 107.63 104.77 -1 -1 21
1 21 1490 1409.06 390.76 104.37 100.61 -1 -1 21
1 21 1491 1412.11 383.51 99.89 98.74 -1 -1 21
1 21 1493 1415.16 373.47 94.39 93.63 -1 -1 21
1 21 1494 1416.98 369.28 92.21 90.02 -1 -1 21
1 21 1495 1420.23 364.61 87.44 85.36 -1 -1 21
1 21 1496 1421.21 360.16 83.63 81.72 -1 -1 21
1 21 1497 1422.95 356.56 80.74 78.88 -1 -1 21
1 21 1498 1422.83 351.93 79.97 76.74 -1 -1 21
1 21 1501 1425.42 340.32 74.45 71.04 -1 -1 21
1 21 1502 1427.13 336.60 72.14 66.37 -1 -1 21
1 21 1505 1427.94 329.58 69.70 63.94 -1 -1 21
1 21 1506 1428.43 326.60 68.43 62.07 -1 -1 21
1 21 1508 1428.83 321.07 65.12 58.10 -1 -1 21
1 21 1509 1428.88 318.74 64.14 56.64 -1 -1 21
1 21 1513 1429.45 312.84 60.31 51.70 -1 -1 21
1 21 1515 1429.58 307.72 56.69 50.84 -1 -1 21
1 21 1518 1428.65 304.53 53.76 46.69 -1 -1 21
1 21 1520 1427.36 302.23 51.08 42.96 -1 -1 21
1 20 1412 1219.13 305.65 137.39 144.35 -1 -1 20
1 20 1413 1214.61 307.83 142.26 148.35 -1 -1 20
1 20 1414 1210.77 314.88 134.57 145.13 -1 -1 20
1 20 1415 1202.53 319.59 148.57 150.33 -1 -1 20
1 20 1416 1196.38 316.09 149.01 159.04 -1 -1 20
1 20 1417 1189.82 325.16 155.71 158.76 -1 -1 20
1 20 1418 1179.37 329.84 167.48 164.03 -1 -1 20
1 20 1419 1165.63 333.46 179.17 175.51 -1 -1 20
1 20 1420 1156.29 338.06 186.36 181.84 -1 -1 20
1 20 1421 1146.72 341.97 194.57 189.23 -1 -1 20
1 20 1422 1137.92 342.59 201.48 196.57 -1 -1 20
1 20 1423 1126.93 347.31 208.44 203.75 -1 -1 20
1 20 1424 1117.85 347.59 216.52 212.66 -1 -1 20
1 20 1425 1105.12 350.01 227.26 225.56 -1 -1 20
1 20 1426 1095.36 353.70 234.62 232.55 -1 -1 20
1 20 1427 1080.17 364.26 241.73 237.74 -1 -1 20
1 20 1428 1067.79 366.54 254.28 246.51 -1 -1 20
1 20 1429 1050.80 375.76 259.59 257.23 -1 -1 20
1 20 1430 1030.77 376.81 283.03 278.36 -1 -1 20
1 20 1431 1015.26 377.28 297.99 294.42 -1 -1 20
1 20 1432 992.68 376.73 318.52 320.97 -1 -1 20
1 20 1433 975.51 376.31 333.57 340.83 -1 -1 20
1 20 1434 947.14 379.01 356.79 366.51 -1 -1 20
1 20 1435 927.16 384.94 371.79 383.48 -1 -1 20
1 20 1437 895.23 401.73 398.77 400.75 -1 -1 20
1 20 1438 869.84 409.76 420.09 420.96 -1 -1 20
1 20 1439 832.44 455.91 411.81 418.26 -1 -1 20
1 20 1440 800.48 430.56 467.05 480.10 -1 -1 20
1 20 1441 754.95 426.56 511.87 535.64 -1 -1 20
1 20 1442 719.26 430.99 543.38 574.01 -1 -1 20
1 20 1443 662.46 438.73 592.76 634.15 -1 -1 20
1 20 1444 589.30 447.10 652.70 715.02 -1 -1 20
1 20 1445 536.36 446.27 700.45 786.77 -1 -1 20
1 20 1446 457.85 446.58 769.05 894.34 -1 -1 20
1 20 1447 394.02 448.48 825.74 966.98 -1 -1 20
1 20 1448 293.16 451.53 911.49 994.34 -1 -1 20
1 20 1449 210.31 452.37 984.56 1004.66 -1 -1 20
1 20 1450 80.02 468.16 1093.37 992.07 -1 -1 20
1 20 1451 15.36 484.59 1134.04 973.82 -1 -1 20
1 20 1452 0.00 501.51 1130.39 955.48 -1 -1 20
1 20 1454 0.00 527.90 1103.69 928.48 -1 -1 20
1 20 1455 0.00 550.35 1083.40 904.56 -1 -1 20
1 20 1456 0.00 586.24 1051.71 867.06 -1 -1 20
1 20 1457 0.00 631.91 1012.03 819.63 -1 -1 20
1 20 1459 0.00 727.19 932.53 722.81 -1 -1 20
1 27 1532 1203.04 1277.83 505.22 160.87 -1 -1 27
1 27 1533 1139.04 1171.74 636.00 265.91 -1 -1 27
1 27 1534 1145.31 1084.29 600.39 352.06 -1 -1 27
1 27 1535 1154.88 1014.44 565.30 424.02 -1 -1 27
1 27 1536 1178.56 935.33 533.61 504.12 -1 -1 27
1 27 1537 1187.14 878.21 517.94 561.54 -1 -1 27
1 27 1538 1200.80 814.27 501.38 625.73 -1 -1 27
1 27 1539 1207.64 768.33 472.63 659.72 -1 -1 27
1 27 1541 1226.85 711.10 407.79 603.23 -1 -1 27
1 27 1542 1244.19 659.67 355.26 533.14 -1 -1 27
1 27 1543 1253.02 630.51 328.67 478.66 -1 -1 27
1 27 1544 1264.84 597.62 297.58 420.31 -1 -1 27
1 27 1545 1272.02 578.42 278.85 378.79 -1 -1 27
1 27 1546 1280.13 549.98 259.11 339.57 -1 -1 27
1 27 1547 1291.74 526.90 236.47 302.43 -1 -1 27
1 27 1548 1296.72 513.03 225.81 281.94 -1 -1 27
1 27 1549 1303.26 494.74 212.68 262.57 -1 -1 27
1 27 1551 1305.52 483.00 205.86 246.41 -1 -1 27
1 27 1552 1312.16 463.03 189.46 221.05 -1 -1 27
1 27 1554 1320.24 442.95 172.50 194.66 -1 -1 27
1 27 1556 1328.48 424.53 154.66 173.02 -1 -1 27
1 27 1559 1336.44 398.41 137.17 151.58 -1 -1 27
1 27 1560 1341.69 387.22 129.00 136.05 -1 -1 27
1 27 1561 1342.96 382.69 127.21 130.90 -1 -1 27
1 27 1563 1348.80 372.45 117.06 121.87 -1 -1 27
1 27 1564 1352.56 365.04 111.38 116.03 -1 -1 27
1 27 1565 1356.35 361.64 106.93 113.21 -1 -1 27
1 27 1571 1369.11 340.20 91.18 95.18 -1 -1 27
1 27 1572 1374.48 335.56 84.98 90.22 -1 -1 27
1 24 1520 956.09 477.17 261.74 212.61 -1 -1 24
1 24 1522 938.70 483.09 271.48 221.65 -1 -1 24
1 24 1523 904.59 499.25 292.54 237.59 -1 -1 24
1 24 1524 875.87 511.88 308.94 253.21 -1 -1 24
1 24 1526 813.62 540.77 347.04 290.12 -1 -1 24
1 24 1527 751.76 567.74 383.82 329.26 -1 -1 24
1 24 1528 706.61 586.57 410.19 358.11 -1 -1 24
1 24 1529 642.71 612.94 451.56 406.64 -1 -1 24
1 24 1530 593.14 635.04 483.83 440.30 -1 -1 24
1 24 1532 486.82 679.96 552.13 527.70 -1 -1 24
1 24 1533 376.30 728.20 624.27 612.36 -1 -1 24
1 24 1534 257.98 780.16 701.16 643.05 -1 -1 24
1 24 1535 165.27 824.25 763.22 632.36 -1 -1 24
1 24 1536 109.62 887.66 771.32 580.15 -1 -1 24
1 24 1537 77.78 938.94 764.74 528.84 -1 -1 24
1 24 1538 20.58 1019.63 762.02 446.70 -1 -1 24
1 24 1539 0.00 1085.92 741.40 375.91 -1 -1 24
1 26 1520 1281.74 314.24 81.74 73.26 -1 -1 26
1 26 1522 1278.61 313.98 83.83 75.17 -1 -1 26
1 26 1523 1276.02 317.50 85.55 75.71 -1 -1 26
1 26 1524 1273.46 319.55 86.81 76.89 -1 -1 26
1 26 1526 1265.95 326.87 90.39 77.26 -1 -1 26
1 26 1527 1259.52 333.52 89.71 77.82 -1 -1 26
1 26 1528 1257.10 351.79 87.54 64.30 -1 -1 26
1 26 1529 1252.22 350.30 90.31 72.11 -1 -1 26
1 26 1530 1247.67 343.98 94.79 82.57 -1 -1 26
1 26 1532 1238.94 345.19 100.44 90.27 -1 -1 26
1 26 1533 1230.65 348.31 104.82 96.09 -1 -1 26
1 26 1534 1223.64 350.76 112.07 101.26 -1 -1 26
1 26 1535 1218.28 353.57 109.31 105.43 -1 -1 26
1 26 1536 1210.45 365.27 110.84 103.83 -1 -1 26
1 26 1537 1204.53 367.32 113.05 108.08 -1 -1 26
1 26 1538 1196.24 373.65 114.96 111.45 -1 -1 26
1 26 1539 1189.56 374.92 118.43 117.13 -1 -1 26
1 26 1541 1175.68 380.55 131.46 125.62 -1 -1 26
1 26 1542 1163.09 386.93 133.71 134.63 -1 -1 26
1 26 1543 1152.94 388.64 149.45 142.91 -1 -1 26
1 26 1544 1140.19 394.04 160.32 151.71 -1 -1 26
1 26 1545 1131.13 399.51 166.29 155.95 -1 -1 26
1 26 1546 1118.70 421.19 158.16 149.00 -1 -1 26
1 26 1547 1100.52 424.42 179.41 165.69 -1 -1 26
1 26 1548 1088.38 429.45 191.50 174.01 -1 -1 26
1 26 1549 1069.88 436.44 207.68 187.75 -1 -1 26
1 26 1551 1055.89 441.75 215.70 198.13 -1 -1 26
1 26 1552 1028.73 457.32 231.82 216.29 -1 -1 26
1 26 1554 987.90 478.49 257.53 241.70 -1 -1 26
1 26 1556 936.00 504.88 292.24 273.91 -1 -1 26
1 26 1559 836.16 554.67 359.72 339.87 -1 -1 26
1 26 1560 754.86 592.47 416.18 399.67 -1 -1 26
1 26 1561 697.22 617.82 456.97 445.23 -1 -1 26
1 26 1563 590.65 663.06 532.18 533.75 -1 -1 26
1 26 1564 480.81 710.04 608.67 628.96 -1 -1 26
1 26 1565 398.05 746.75 664.88 667.65 -1 -1 26
1 30 1620 1158.17 1195.30 547.65 244.70 -1 -1 30
1 30 1623 1174.23 1004.74 500.58 434.19 -1 -1 30
1 30 1624 1184.20 906.70 463.45 532.74 -1 -1 30
1 30 1626 1205.19 757.61 368.22 531.85 -1 -1 30
1 30 1627 1217.11 699.02 323.74 461.80 -1 -1 30
1 30 1629 1237.10 622.38 264.89 341.49 -1 -1 30
1 30 1630 1244.90 597.99 247.36 301.17 -1 -1 30
1 30 1632 1270.45 518.17 196.31 218.51 -1 -1 30
1 30 1633 1277.24 500.15 186.55 202.28 -1 -1 30
1 30 1635 1292.69 466.17 166.22 170.84 -1 -1 30
1 30 1636 1300.44 449.36 154.10 149.81 -1 -1 30
1 30 1637 1308.82 432.97 144.89 144.55 -1 -1 30
1 32 1797 1142.61 1187.83 652.17 252.17 -1 -1 32
1 32 1798 1132.52 1127.65 634.78 309.91 -1 -1 32
1 32 1799 1148.14 1028.62 580.02 410.70 -1 -1 32
1 32 1800 1180.14 899.62 534.06 539.55 -1 -1 32
1 32 1801 1194.01 821.28 502.04 618.58 -1 -1 32
1 32 1802 1211.76 751.68 439.87 618.58 -1 -1 32
1 32 1803 1221.53 708.66 401.60 580.08 -1 -1 32
1 32 1804 1235.83 663.34 354.84 505.97 -1 -1 32
1 32 1805 1248.45 620.32 314.25 427.42 -1 -1 32
1 32 1806 1256.58 593.76 290.36 375.00 -1 -1 32
1 32 1808 1271.30 543.69 251.50 307.29 -1 -1 32
1 32 1809 1278.82 522.69 236.91 268.50 -1 -1 32
1 32 1810 1284.36 507.49 225.19 250.37 -1 -1 32
1 32 1811 1293.75 488.92 209.01 225.06 -1 -1 32
1 32 1813 1299.52 476.77 201.23 215.52 -1 -1 32
1 32 1814 1307.23 461.08 186.01 197.39 -1 -1 32
1 32 1815 1312.89 451.73 176.19 188.40 -1 -1 32
1 32 1816 1319.90 438.67 165.25 172.36 -1 -1 32
1 32 1820 1340.95 399.89 138.96 145.67 -1 -1 32
1 32 1821 1346.51 390.96 132.11 138.77 -1 -1 32
1 32 1822 1349.99 385.39 127.64 134.07 -1 -1 32
1 32 1823 1356.23 378.04 120.77 124.24 -1 -1 32
1 32 1825 1365.08 365.11 112.38 118.84 -1 -1 32
1 32 1826 1368.21 361.70 108.97 114.42 -1 -1 32
1 32 1827 1373.40 354.08 103.05 107.82 -1 -1 32
1 32 1830 1382.56 339.31 94.12 96.46 -1 -1 32
1 32 1831 1385.68 335.97 91.22 91.61 -1 -1 32
1 32 1832 1386.95 331.82 89.71 89.81 -1 -1 32
1 32 1833 1390.29 329.40 85.66 85.51 -1 -1 32
1 32 1834 1392.29 327.54 82.45 82.40 -1 -1 32
1 32 1835 1394.40 325.62 80.79 78.84 -1 -1 32
1 32 1836 1395.36 323.82 79.67 77.84 -1 -1 32
1 32 1837 1397.39 320.33 75.79 76.23 -1 -1 32
1 32 1838 1397.12 317.89 76.27 73.52 -1 -1 32
1 32 1839 1399.33 314.85 76.49 72.65 -1 -1 32
1 32 1841 1399.78 312.76 73.71 69.45 -1 -1 32
1 32 1842 1403.11 311.18 69.78 66.30 -1 -1 32
1 32 1843 1403.93 309.53 69.04 64.23 -1 -1 32
1 32 1844 1406.53 307.30 66.48 62.40 -1 -1 32
1 32 1845 1408.59 306.51 64.43 60.05 -1 -1 32
1 32 1846 1409.24 305.25 62.59 57.67 -1 -1 32
1 32 1847 1410.89 302.30 61.42 56.78 -1 -1 32
1 32 1848 1412.00 300.47 59.89 56.55 -1 -1 32
1 32 1849 1412.92 297.40 58.22 56.55 -1 -1 32
1 32 1850 1413.48 295.73 57.11 55.29 -1 -1 32
1 32 1851 1414.22 293.24 55.59 55.05 -1 -1 32
1 32 1852 1414.42 291.41 55.12 55.01 -1 -1 32
1 32 1853 1414.74 289.67 54.42 53.88 -1 -1 32
1 32 1854 1415.99 288.91 54.22 52.78 -1 -1 32
1 32 1855 1416.99 288.00 53.03 50.96 -1 -1 32
1 32 1856 1417.60 288.65 52.06 48.57 -1 -1 32
1 32 1857 1418.37 286.82 50.57 47.62 -1 -1 32
1 32 1863 1419.27 282.34 48.76 40.25 -1 -1 32
1 32 1865 1418.90 279.42 46.61 38.32 -1 -1 32
1 32 1868 1419.86 276.44 43.89 34.86 -1 -1 32
1 32 1869 1419.38 275.77 43.52 34.54 -1 -1 32
1 32 1870 1418.34 274.96 43.99 34.43 -1 -1 32
1 32 1879 1416.11 267.68 40.97 34.55 -1 -1 32
1 32 1880 1416.33 266.85 40.22 35.92 -1 -1 32
1 33 1825 1213.04 1336.96 481.74 103.04 -1 -1 33
1 33 1826 1212.35 1261.13 488.70 178.87 -1 -1 33
1 33 1827 1205.54 1106.89 507.38 332.27 -1 -1 33
1 33 1828 1212.82 983.63 477.35 455.85 -1 -1 33
1 33 1829 1221.53 894.46 441.26 545.24 -1 -1 33
1 33 1830 1236.32 810.05 386.48 530.88 -1 -1 33
1 33 1831 1250.64 736.78 337.43 466.84 -1 -1 33
1 33 1832 1259.09 693.60 308.71 410.89 -1 -1 33
1 33 1833 1269.39 646.75 280.13 351.79 -1 -1 33
1 33 1834 1277.92 617.15 258.85 312.43 -1 -1 33
1 33 1835 1288.52 581.81 234.39 273.94 -1 -1 33
1 33 1836 1293.19 560.27 222.06 250.29 -1 -1 33
1 33 1837 1302.61 533.06 205.24 226.15 -1 -1 33
1 33 1838 1307.37 517.12 195.51 208.97 -1 -1 33
1 33 1839 1314.86 496.88 183.22 191.33 -1 -1 33
1 33 1841 1320.36 484.49 174.60 179.92 -1 -1 33
1 33 1842 1325.88 467.66 164.45 163.95 -1 -1 33
1 33 1843 1328.25 457.14 160.10 153.01 -1 -1 33
1 33 1844 1334.99 443.23 149.30 145.17 -1 -1 33
1 33 1845 1341.60 429.24 140.82 137.24 -1 -1 33
1 33 1846 1345.03 419.95 134.27 130.37 -1 -1 33
1 33 1847 1349.93 410.92 128.29 123.06 -1 -1 33
1 33 1848 1353.16 403.17 124.34 118.70 -1 -1 33
1 33 1849 1357.08 393.11 117.28 116.05 -1 -1 33
1 33 1850 1360.30 389.41 113.52 108.73 -1 -1 33
1 33 1851 1364.87 382.49 107.70 102.87 -1 -1 33
1 33 1852 1366.80 377.36 104.90 101.84 -1 -1 33
1 33 1853 1370.33 370.47 100.58 97.30 -1 -1 33
1 33 1854 1373.17 366.88 98.20 93.72 -1 -1 33
1 33 1855 1375.20 360.83 95.22 89.54 -1 -1 33
1 33 1856 1378.45 357.04 91.41 86.51 -1 -1 33
1 33 1857 1382.15 351.31 87.31 84.01 -1 -1 33
1 33 1858 1384.17 345.65 85.53 81.99 -1 -1 33
1 33 1859 1387.45 342.87 83.29 78.60 -1 -1 33
1 33 1860 1389.95 335.96 79.69 75.94 -1 -1 33
1 33 1863 1393.40 331.81 75.60 69.89 -1 -1 33
1 33 1864 1396.57 328.68 71.34 66.30 -1 -1 33
1 33 1865 1397.81 326.74 70.69 64.20 -1 -1 33
1 33 1866 1400.24 322.50 67.58 62.73 -1 -1 33
1 33 1867 1401.85 320.04 66.06 60.55 -1 -1 33
1 33 1868 1403.21 317.98 63.87 57.98 -1 -1 33
1 33 1869 1404.16 314.52 64.45 58.91 -1 -1 33
1 33 1870 1405.61 312.70 62.37 56.63 -1 -1 33
1 33 1871 1408.11 311.52 59.95 53.83 -1 -1 33
1 33 1872 1408.60 312.13 58.61 51.00 -1 -1 33
1 33 1873 1409.29 309.61 57.03 49.83 -1 -1 33
1 33 1874 1410.04 309.68 56.58 46.96 -1 -1 33
1 33 1875 1411.43 305.59 55.31 47.91 -1 -1 33
1 33 1877 1413.53 300.02 53.11 46.75 -1 -1 33
1 33 1878 1414.30 298.87 51.86 46.63 -1 -1 33
1 33 1879 1415.72 297.90 51.42 45.27 -1 -1 33
1 33 1880 1416.51 299.23 50.69 41.68 -1 -1 33
1 33 1886 1417.58 288.31 48.88 38.16 -1 -1 33
1 34 2067 1212.17 1274.35 493.91 165.65 -1 -1 34
1 34 2068 1184.70 1178.70 543.30 258.52 -1 -1 34
1 34 2069 1195.15 1128.23 523.95 308.53 -1 -1 34
1 34 2070 1205.04 1045.09 504.75 390.31 -1 -1 34
1 34 2071 1210.71 985.62 494.84 450.30 -1 -1 34
1 34 2072 1223.69 921.86 462.90 516.44 -1 -1 34
1 34 2073 1232.05 874.70 436.48 558.07 -1 -1 34
1 34 2074 1243.83 818.57 395.88 539.86 -1 -1 34
1 34 2075 1251.02 780.72 368.39 505.40 -1 -1 34
1 34 2076 1260.19 738.15 337.28 453.63 -1 -1 34
1 34 2077 1267.77 707.60 315.87 410.86 -1 -1 34
1 34 2078 1284.37 646.88 273.46 342.39 -1 -1 34
1 34 2081 1296.98 594.86 240.63 285.09 -1 -1 34
1 34 2082 1303.78 562.49 225.25 264.78 -1 -1 34
1 34 2083 1309.92 545.27 212.72 238.88 -1 -1 34
1 34 2084 1315.22 533.61 202.35 222.21 -1 -1 34
1 34 2085 1323.80 518.84 193.14 194.93 -1 -1 34
1 34 2086 1326.48 508.65 189.24 189.60 -1 -1 34
1 34 2087 1332.32 493.33 181.80 182.05 -1 -1 34
1 34 2088 1335.79 484.50 176.36 172.10 -1 -1 34
1 34 2089 1340.35 471.19 170.21 161.31 -1 -1 34
1 34 2090 1343.14 462.20 168.09 157.10 -1 -1 34
1 34 2091 1349.03 450.68 157.48 149.35 -1 -1 34
1 34 2092 1354.76 440.24 150.06 142.93 -1 -1 34
1 34 2093 1358.59 433.53 144.94 136.12 -1 -1 34
1 34 2094 1362.41 424.82 139.33 130.10 -1 -1 34
1 34 2095 1364.09 419.74 135.38 124.78 -1 -1 34
1 34 2096 1370.53 410.07 125.87 117.68 -1 -1 34
1 34 2098 1377.14 397.81 117.47 111.34 -1 -1 34
1 34 2100 1382.83 389.67 110.09 105.72 -1 -1 34
1 34 2101 1385.10 384.23 106.78 103.25 -1 -1 34
1 34 2102 1387.81 378.92 102.91 100.09 -1 -1 34
1 34 2103 1390.97 375.03 99.47 97.62 -1 -1 34
1 34 2104 1394.30 370.51 96.14 93.83 -1 -1 34
1 34 2105 1396.78 365.93 93.45 91.71 -1 -1 34
1 34 2106 1398.98 361.94 90.94 89.67 -1 -1 34
1 34 2107 1400.79 358.52 89.09 85.69 -1 -1 34
1 34 2108 1402.18 355.46 86.83 84.35 -1 -1 34
1 34 2109 1404.03 352.01 85.63 81.79 -1 -1 34
1 34 2110 1405.46 349.78 83.57 80.91 -1 -1 34
2 2 319 1940.00 1183.91 620.00 256.09 -1 -1 9
2 2 321 1885.74 1042.35 673.57 396.26 -1 -1 9
2 2 323 1841.65 947.95 615.77 491.58 -1 -1 9
2 2 325 1805.75 844.86 518.40 512.05 -1 -1 9
2 2 327 1782.12 749.56 425.76 462.94 -1 -1 9
2 3 573 772.39 394.78 140.43 125.22 -1 -1 25
2 3 575 775.70 401.83 143.57 129.22 -1 -1 25
2 3 576 776.99 405.33 147.49 134.96 -1 -1 25
2 3 576 781.77 414.25 150.59 140.70 -1 -1 25
2 3 578 784.95 425.94 155.53 149.22 -1 -1 25
2 3 580 788.20 438.29 161.60 157.45 -1 -1 25
2 3 582 791.44 454.52 169.01 167.01 -1 -1 25
2 3 584 791.06 473.12 178.40 182.86 -1 -1 25
2 3 586 789.82 493.65 188.58 197.91 -1 -1 25
2 3 588 786.60 516.63 200.73 210.39 -1 -1 25
2 3 590 780.43 541.90 214.73 228.05 -1 -1 25
2 3 592 770.39 567.74 230.55 254.90 -1 -1 25
2 3 595 759.35 594.75 247.61 288.43 -1 -1 25
2 3 597 745.75 626.35 265.72 329.18 -1 -1 25
2 3 599 722.50 673.19 294.49 390.15 -1 -1 25
2 3 601 697.24 721.22 326.71 457.82 -1 -1 25
2 3 601 668.78 787.09 365.39 536.90 -1 -1 25
2 3 603 655.77 805.55 377.11 554.53 -1 -1 25
2 3 604 644.23 826.55 389.10 577.57 -1 -1 25
2 3 606 615.11 880.82 417.72 549.54 -1 -1 25
2 3 606 569.06 968.31 462.02 484.47 -1 -1 25
2 3 608 569.57 1043.11 458.12 397.77 -1 -1 25
2 3 610 571.38 1152.63 456.22 286.55 -1 -1 25
2 3 612 581.97 1303.74 418.08 136.64 -1 -1 25
2 5 625 781.52 431.85 172.61 173.70 -1 -1 34
2 5 627 784.48 440.98 179.22 182.57 -1 -1 34
2 5 628 788.52 446.17 181.47 191.17 -1 -1 34
2 5 628 794.03 458.23 188.74 202.56 -1 -1 34
2 5 630 796.93 474.03 196.97 215.52 -1 -1 34
2 5 632 800.43 493.90 206.33 226.84 -1 -1 34
2 5 634 800.94 515.79 221.22 243.24 -1 -1 34
2 5 636 797.91 538.42 236.69 265.46 -1 -1 34
2 5 638 794.81 562.33 255.21 300.95 -1 -1 34
2 5 641 787.92 590.71 276.00 348.59 -1 -1 34
2 5 643 778.03 629.40 301.74 396.21 -1 -1 34
2 5 645 765.63 674.91 329.94 451.84 -1 -1 34
2 5 647 747.26 732.60 366.92 517.11 -1 -1 34
2 5 647 717.23 828.18 425.76 617.75 -1 -1 34
2 5 649 694.60 882.80 457.03 563.53 -1 -1 34
2 5 651 662.90 971.71 498.06 474.45 -1 -1 34
2 5 653 675.60 1107.43 477.92 337.55 -1 -1 34
2 6 619 1162.17 243.48 68.70 48.70 -1 -1 33
2 6 621 1154.52 249.39 72.87 46.61 -1 -1 33
2 6 623 1143.21 251.14 77.60 48.41 -1 -1 33
2 6 625 1125.27 249.62 85.11 57.17 -1 -1 33
2 6 647 727.29 334.76 120.91 87.89 -1 -1 33
2 6 649 724.05 339.22 116.31 92.91 -1 -1 33
2 6 651 722.80 346.76 112.11 97.44 -1 -1 33
2 6 653 722.26 353.82 111.21 102.38 -1 -1 33
2 6 655 722.68 363.39 115.28 106.10 -1 -1 33
2 6 657 724.09 373.47 121.36 112.86 -1 -1 33
2 6 659 726.59 385.65 129.60 119.46 -1 -1 33
2 6 661 730.70 396.81 138.89 127.26 -1 -1 33
2 6 663 737.37 413.01 151.88 136.05 -1 -1 33
2 6 665 744.40 428.05 162.95 146.04 -1 -1 33
2 6 667 751.64 440.90 176.59 159.33 -1 -1 33
2 6 669 761.19 458.29 188.20 172.12 -1 -1 33
2 6 672 770.50 477.70 202.54 187.72 -1 -1 33
2 6 674 790.64 519.83 231.69 221.33 -1 -1 33
2 6 676 801.82 540.45 242.97 229.42 -1 -1 33
2 6 678 812.20 564.76 254.78 248.90 -1 -1 33
2 6 680 820.29 588.05 271.49 291.76 -1 -1 33
2 6 682 825.67 614.46 291.85 340.86 -1 -1 33
2 6 684 824.45 654.99 319.40 396.55 -1 -1 33
2 6 685 822.42 679.65 338.63 438.14 -1 -1 33
2 6 687 817.53 722.60 367.26 505.96 -1 -1 33
2 6 689 798.40 802.82 420.34 561.61 -1 -1 33
2 6 691 773.64 893.61 469.35 525.29 -1 -1 33
2 6 693 769.80 1013.03 477.60 428.84 -1 -1 33
2 6 695 769.24 1186.26 474.06 263.19 -1 -1 33
2 10 672 725.65 347.28 122.61 122.83 -1 -1 41
2 10 674 726.70 353.98 130.26 128.91 -1 -1 41
2 10 676 730.67 361.10 139.92 140.79 -1 -1 41
2 10 678 735.47 374.10 149.48 147.06 -1 -1 41
2 10 680 741.37 386.16 159.37 156.70 -1 -1 41
2 10 682 747.54 398.59 166.24 166.90 -1 -1 41
2 10 684 753.19 412.39 175.48 179.26 -1 -1 41
2 10 685 755.63 420.09 180.74 184.64 -1 -1 41
2 10 687 759.36 433.83 187.86 192.86 -1 -1 41
2 10 689 763.05 452.56 202.44 214.24 -1 -1 41
2 10 691 767.01 473.82 215.39 230.60 -1 -1 41
2 10 693 769.02 496.97 230.76 243.24 -1 -1 41
2 10 695 769.44 521.00 248.14 270.37 -1 -1 41
2 10 697 765.45 545.90 268.45 300.27 -1 -1 41
2 10 699 758.63 570.72 292.07 348.41 -1 -1 41
2 10 701 755.36 588.59 306.54 379.53 -1 -1 41
2 10 702 745.82 614.84 327.26 416.90 -1 -1 41
2 10 703 722.93 693.34 383.70 525.14 -1 -1 41
2 10 705 700.17 730.20 406.55 563.42 -1 -1 41
2 10 707 667.75 798.49 457.52 592.46 -1 -1 41
2 10 709 625.52 889.39 512.84 537.94 -1 -1 41
2 10 711 629.47 1027.88 501.85 412.07 -1 -1 41
2 10 713 636.16 1239.68 476.07 204.69 -1 -1 41
2 17 1309 1950.43 1235.65 606.96 204.35 -1 -1 56
2 17 1311 1909.39 1126.09 650.09 313.91 -1 -1 56
2 17 1312 1881.34 1045.20 677.87 392.77 -1 -1 56
2 17 1314 1843.86 958.51 653.73 480.53 -1 -1 56
2 17 1316 1814.66 870.17 580.29 556.99 -1 -1 56
2 17 1318 1794.52 795.98 502.27 533.78 -1 -1 56
2 17 1320 1782.14 724.59 432.30 481.20 -1 -1 56
2 17 1322 1778.05 667.10 370.03 421.89 -1 -1 56
2 17 1324 1774.10 624.45 325.59 357.50 -1 -1 56
2 17 1326 1772.50 585.02 291.70 305.37 -1 -1 56
2 17 1328 1769.67 554.49 261.21 271.30 -1 -1 56
2 17 1330 1772.46 529.74 235.57 249.43 -1 -1 56
2 17 1332 1779.70 507.34 213.04 225.73 -1 -1 56
2 17 1334 1785.36 488.61 196.56 209.79 -1 -1 56
2 17 1336 1793.69 472.91 185.43 198.13 -1 -1 56
2 17 1338 1802.65 451.62 178.16 182.74 -1 -1 56
2 17 1340 1811.70 436.67 174.37 172.01 -1 -1 56
2 17 1342 1822.60 423.95 165.17 160.54 -1 -1 56
2 17 1344 1833.52 411.53 158.08 152.78 -1 -1 56
2 17 1346 1846.20 400.62 150.23 142.22 -1 -1 56
2 17 1347 1851.94 395.61 147.11 138.94 -1 -1 56
2 17 1349 1861.56 385.56 140.39 135.94 -1 -1 56
2 17 1351 1872.51 375.38 132.54 127.69 -1 -1 56
2 17 1353 1880.77 367.27 120.52 118.40 -1 -1 56
2 17 1355 1884.94 358.48 113.37 113.90 -1 -1 56
2 17 1357 1880.29 350.24 112.79 110.59 -1 -1 56
2 17 1359 1872.51 342.79 115.30 106.44 -1 -1 56
2 17 1361 1858.95 333.99 118.77 100.00 -1 -1 56
2 17 1363 1842.86 327.27 126.11 95.70 -1 -1 56
2 17 1365 1823.26 320.94 131.16 95.31 -1 -1 56
2 17 1366 1805.61 316.10 135.49 93.56 -1 -1 56
2 17 1368 1783.95 309.78 140.06 91.53 -1 -1 56
2 17 1370 1756.35 304.49 144.69 87.72 -1 -1 56
2 17 1372 1727.96 298.05 146.49 85.08 -1 -1 56
2 17 1374 1698.91 291.77 147.78 82.23 -1 -1 56
2 17 1376 1669.74 286.91 148.85 79.01 -1 -1 56
2 17 1378 1641.73 283.13 147.57 75.64 -1 -1 56
2 17 1380 1614.14 278.89 144.22 72.07 -1 -1 56
2 17 1382 1587.61 275.46 141.80 68.88 -1 -1 56
2 17 1384 1562.74 271.82 137.46 66.73 -1 -1 56
2 17 1386 1538.78 267.02 132.95 66.44 -1 -1 56
2 17 1388 1517.84 263.08 126.65 64.81 -1 -1 56
2 17 1390 1495.97 257.74 120.26 63.77 -1 -1 56
2 17 1391 1483.63 255.91 116.87 61.42 -1 -1 56
2 17 1393 1472.57 253.41 112.79 61.91 -1 -1 56
2 18 1344 1913.04 1194.35 615.65 245.65 -1 -1 57
2 18 1346 1867.13 1084.43 682.43 355.57 -1 -1 57
2 18 1347 1849.51 1035.87 645.63 404.13 -1 -1 57
2 18 1349 1815.72 946.51 574.76 493.49 -1 -1 57
2 18 1351 1781.63 850.10 480.77 482.88 -1 -1 57
2 18 1353 1764.33 770.26 409.77 432.59 -1 -1 57
2 18 1355 1756.02 702.13 355.19 384.60 -1 -1 57
2 18 1357 1752.95 656.22 312.58 331.73 -1 -1 57
2 18 1359 1749.60 613.87 281.15 286.83 -1 -1 57
2 18 1361 1748.65 582.40 252.21 266.16 -1 -1 57
2 18 1363 1748.61 557.72 228.53 238.31 -1 -1 57
2 18 1365 1752.36 530.49 209.29 222.10 -1 -1 57
2 18 1366 1762.69 519.18 190.34 204.39 -1 -1 57
2 18 1368 1768.50 503.86 181.33 194.22 -1 -1 57
2 18 1370 1776.34 489.22 175.17 183.80 -1 -1 57
2 18 1372 1783.47 471.77 172.35 176.77 -1 -1 57
2 18 1374 1795.65 454.45 167.19 166.98 -1 -1 57
2 18 1376 1810.09 439.22 165.05 155.96 -1 -1 57
2 18 1378 1827.56 424.85 158.76 147.16 -1 -1 57
2 18 1380 1843.66 412.42 151.11 137.34 -1 -1 57
2 18 1382 1859.20 401.32 142.94 128.90 -1 -1 57
2 18 1384 1873.88 392.28 130.85 119.94 -1 -1 57
2 18 1386 1885.11 381.98 118.63 115.21 -1 -1 57
2 18 1388 1887.50 373.14 111.49 108.32 -1 -1 57
2 18 1390 1880.26 360.68 109.69 105.90 -1 -1 57
2 18 1391 1873.97 353.95 111.89 104.33 -1 -1 57
2 18 1393 1865.69 347.64 115.27 104.40 -1 -1 57
2 19 1374 1967.83 1266.52 516.52 173.48 -1 -1 59
2 19 1376 1925.39 1148.96 548.52 291.04 -1 -1 59
2 19 1378 1890.43 1050.21 542.74 389.79 -1 -1 59
2 19 1380 1856.58 948.97 486.78 480.63 -1 -1 59
2 19 1382 1832.56 859.53 423.06 465.09 -1 -1 59
2 19 1384 1815.75 778.06 364.28 417.73 -1 -1 59
2 19 1386 1806.45 711.46 313.46 365.08 -1 -1 59
2 19 1388 1801.80 665.85 276.28 302.04 -1 -1 59
2 19 1390 1800.79 614.10 237.25 249.87 -1 -1 59
2 19 1391 1802.83 593.50 221.27 227.53 -1 -1 59
2 19 1393 1803.64 576.99 207.57 211.13 -1 -1 59
2 21 1437 722.39 534.13 240.43 256.96 -1 -1 70
2 21 1438 717.70 539.70 245.65 275.04 -1 -1 70
2 21 1440 705.48 558.93 264.62 310.90 -1 -1 70
2 21 1442 677.95 607.00 302.91 387.32 -1 -1 70
2 21 1444 647.76 663.70 343.17 461.36 -1 -1 70
2 21 1446 608.61 733.27 398.63 553.83 -1 -1 70
2 21 1448 559.71 824.04 458.78 590.33 -1 -1 70
2 21 1450 498.42 939.32 529.31 526.17 -1 -1 70
2 21 1452 494.43 1107.76 528.64 371.52 -1 -1 70
2 20 1460 1869.57 948.26 688.70 491.74 -1 -1 72
2 20 1461 1841.74 889.83 697.04 550.17 -1 -1 72
2 20 1465 1769.43 711.57 787.25 728.43 -1 -1 72
2 20 1476 1690.72 455.21 867.61 980.86 -1 -1 72
2 20 1478 1685.67 439.66 839.99 926.46 -1 -1 72
2 20 1480 1691.86 425.58 769.41 882.85 -1 -1 72
2 20 1482 1694.06 413.25 696.84 819.28 -1 -1 72
2 20 1484 1699.73 398.69 632.63 748.29 -1 -1 72
2 20 1485 1704.86 386.66 577.80 692.96 -1 -1 72
2 20 1487 1711.89 372.75 524.72 637.76 -1 -1 72
2 20 1489 1717.75 361.93 478.50 590.03 -1 -1 72
2 20 1491 1721.88 350.84 437.46 550.49 -1 -1 72
2 20 1493 1729.48 342.26 400.23 525.37 -1 -1 72
2 20 1495 1735.02 336.03 368.19 495.55 -1 -1 72
2 20 1497 1739.52 335.56 348.73 480.04 -1 -1 72
2 20 1498 1743.33 333.52 333.76 457.79 -1 -1 72
2 27 1498 757.39 436.41 225.22 230.65 -1 -1 76
2 27 1499 758.78 441.37 228.70 236.04 -1 -1 76
2 27 1501 761.05 453.96 242.03 250.38 -1 -1 76
2 27 1503 762.65 475.44 261.33 266.75 -1 -1 76
2 27 1505 763.91 498.19 280.90 295.31 -1 -1 76
2 27 1507 760.46 527.91 309.45 335.05 -1 -1 76
2 27 1509 772.45 550.55 322.67 391.48 -1 -1 76
2 27 1511 755.06 575.27 362.47 456.97 -1 -1 76
2 27 1513 734.03 612.50 408.40 532.20 -1 -1 76
2 27 1515 708.57 656.22 460.44 618.10 -1 -1 76
2 27 1517 680.96 710.24 515.71 686.90 -1 -1 76
2 27 1519 664.45 783.10 565.17 664.50 -1 -1 76
2 27 1521 651.46 871.48 555.44 592.85 -1 -1 76
2 24 1545 1945.22 1175.65 614.78 264.35 -1 -1 78
2 24 1547 1887.48 1062.96 662.78 377.04 -1 -1 78
2 24 1549 1836.08 968.49 718.89 471.51 -1 -1 78
2 24 1551 1790.08 869.85 717.32 570.15 -1 -1 78
2 24 1553 1761.98 787.16 637.33 608.90 -1 -1 78
2 24 1555 1745.86 710.50 540.78 571.70 -1 -1 78
2 24 1557 1741.29 648.50 454.28 503.47 -1 -1 78
2 24 1559 1740.46 596.93 371.88 412.23 -1 -1 78
2 24 1560 1742.17 575.28 338.31 364.38 -1 -1 78
2 24 1562 1745.08 543.51 300.32 325.47 -1 -1 78
2 24 1564 1748.29 519.17 264.84 292.19 -1 -1 78
2 24 1566 1757.78 497.72 233.25 266.31 -1 -1 78
2 26 1575 1984.35 1163.91 573.91 276.09 -1 -1 84
2 26 1577 1935.65 1031.39 624.00 407.22 -1 -1 84
2 26 1580 1894.57 946.99 663.39 491.09 -1 -1 84
2 26 1582 1858.41 851.02 668.56 588.27 -1 -1 84
2 26 1584 1833.26 765.60 592.60 607.18 -1 -1 84
2 26 1586 1819.83 689.64 508.54 560.82 -1 -1 84
2 26 1588 1811.55 627.43 426.24 487.99 -1 -1 84
2 30 1566 775.87 289.57 147.39 93.91 -1 -1 80
2 30 1568 771.52 291.48 145.65 94.96 -1 -1 80
2 30 1569 759.92 296.19 143.97 95.16 -1 -1 80
2 30 1573 720.51 311.59 129.14 107.35 -1 -1 80
2 30 1575 713.75 316.89 127.88 114.45 -1 -1 80
2 30 1577 709.00 323.56 124.65 118.94 -1 -1 80
2 30 1584 702.23 350.56 130.46 136.43 -1 -1 80
2 30 1586 699.14 363.00 139.81 152.88 -1 -1 80
2 30 1588 698.01 376.80 148.10 161.74 -1 -1 80
2 30 1588 696.89 397.44 160.39 174.98 -1 -1 80
2 30 1590 695.33 408.38 169.44 192.43 -1 -1 80
2 30 1592 693.88 423.78 181.16 209.89 -1 -1 80
2 30 1594 692.26 433.20 189.90 221.43 -1 -1 80
2 30 1595 690.41 448.22 199.01 238.93 -1 -1 80
2 30 1596 688.06 458.30 207.47 255.21 -1 -1 80
2 30 1598 682.25 487.13 227.64 278.09 -1 -1 80
2 30 1600 674.08 517.05 252.12 314.45 -1 -1 80
2 30 1600 665.03 546.15 281.35 366.51 -1 -1 80
2 30 1602 658.43 554.81 296.57 402.48 -1 -1 80
2 30 1603 653.61 566.03 309.04 430.25 -1 -1 80
2 30 1603 638.82 608.88 344.30 493.53 -1 -1 80
2 30 1606 621.74 654.09 380.23 557.17 -1 -1 80
2 30 1608 595.48 720.63 438.16 634.34 -1 -1 80
2 30 1610 557.66 811.35 497.65 597.31 -1 -1 80
2 30 1612 556.16 942.68 504.94 489.95 -1 -1 80
2 30 1614 561.22 1154.70 499.34 288.06 -1 -1 80
2 32 1765 740.87 391.52 187.83 180.43 -1 -1 99
2 32 1767 744.35 402.30 197.57 193.65 -1 -1 99
2 32 1769 749.46 418.17 208.97 211.70 -1 -1 99
2 32 1771 753.37 438.77 225.03 236.82 -1 -1 99
2 32 1773 754.44 461.43 243.56 261.06 -1 -1 99
2 32 1775 754.12 488.45 264.07 287.29 -1 -1 99
2 32 1777 749.49 518.13 288.28 319.94 -1 -1 99
2 32 1779 734.68 557.92 327.66 387.01 -1 -1 99
2 32 1781 712.21 601.90 372.97 474.10 -1 -1 99
2 32 1783 681.59 660.42 427.63 574.76 -1 -1 99
2 32 1784 660.02 698.85 465.07 649.77 -1 -1 99
2 32 1786 629.39 752.19 516.49 676.82 -1 -1 99
2 33 1805 754.78 521.09 257.39 286.52 -1 -1 102
2 33 1808 749.91 537.09 272.70 315.74 -1 -1 102
2 33 1808 746.10 548.66 285.18 348.58 -1 -1 102
2 33 1809 739.44 564.39 303.29 384.88 -1 -1 102
2 33 1811 722.62 607.06 336.31 452.64 -1 -1 102
2 33 1813 696.73 669.50 387.33 547.39 -1 -1 102
2 33 1815 658.70 758.42 453.15 595.08 -1 -1 102
2 33 1817 615.60 883.78 527.37 528.08 -1 -1 102
2 33 1819 614.72 1085.74 518.92 349.58 -1 -1 102
2 34 2041 759.57 533.70 282.61 327.39 -1 -1 111
2 34 2042 757.13 538.74 288.87 340.96 -1 -1 111
2 34 2044 751.34 557.06 311.36 394.80 -1 -1 111
2 34 2046 736.39 593.77 346.33 458.20 -1 -1 111
2 34 2048 718.70 642.08 388.10 539.48 -1 -1 111
2 34 2050 693.47 700.45 440.77 628.01 -1 -1 111
2 34 2052 651.94 790.56 516.84 638.53 -1 -1 111
2 34 2054 650.73 889.31 539.65 576.16 -1 -1 111
2 34 2056 646.69 1015.63 538.03 460.36 -1 -1 111
2 34 2058 648.87 1192.08 524.92 279.49 -1 -1 111
